Neighborhoods belonging to cluster 0
                        Cheap  Expensive  Moderate  Unknown Price  Very Expensive   Average  Excelent      Good  Unknown rating
barrio                                                                                                                         
BENIFERRI            0.357143   0.000000  0.642857       0.000000             0.0  0.071429  0.142857  0.428571        0.357143
CABANYAL-CANYAMELAR  0.260870   0.260870  0.434783       0.043478             0.0  0.043478  0.173913  0.434783        0.347826
EXPOSICIO            0.367347   0.102041  0.469388       0.061224             0.0  0.102041  0.040816  0.346939        0.510204
L'ILLA PERDUDA       0.352941   0.235294  0.411765       0.000000             0.0  0.117647  0.058824  0.352941        0.470588
LA CARRASCA          0.166667   0.250000  0.500000       0.083333             0.0  0.000000  0.083333  0.416667        0.500000
LES TENDETES         0.333333   0.222222  0.444444       0.000000             0.0  0.111111  0.000000  0.333333        0.555556
NA ROVELLA           0.125000   0.250000  0.500000       0.125000             0.0  0.125000  0.125000  0.375000        0.375000
NATZARET             0.000000   0.200000  0.600000       0.200000             0.0  0.000000  0.200000  0.200000        0.600000

Neighborhoods belonging to cluster 1
                     Cheap  Expensive  Moderate  Unknown Price  Very Expensive   Average  Excelent      Good  Unknown rating
barrio                                                                                                                      
ALBORS            0.294118   0.264706  0.441176       0.000000        0.000000  0.029412  0.176471  0.588235        0.205882
EL CARME          0.216216   0.256757  0.513514       0.013514        0.000000  0.027027  0.351351  0.581081        0.040541
EL MERCAT         0.210000   0.260000  0.500000       0.030000        0.000000  0.000000  0.340000  0.660000        0.000000
EL PILAR          0.270270   0.310811  0.391892       0.027027        0.000000  0.054054  0.270270  0.608108        0.067568
EL PLA DEL REMEI  0.094340   0.169811  0.660377       0.056604        0.018868  0.018868  0.377358  0.547170        0.056604
L'AMISTAT         0.408451   0.098592  0.450704       0.042254        0.000000  0.098592  0.112676  0.704225        0.084507
LA GRAN VIA       0.110000   0.200000  0.650000       0.030000        0.010000  0.000000  0.240000  0.760000        0.000000
LA PETXINA        0.307692   0.153846  0.538462       0.000000        0.000000  0.153846  0.153846  0.576923        0.115385
LA SEU            0.190000   0.260000  0.530000       0.020000        0.000000  0.000000  0.330000  0.670000        0.000000
LA XEREA          0.234375   0.203125  0.562500       0.000000        0.000000  0.046875  0.250000  0.609375        0.093750
MESTALLA          0.261905   0.166667  0.571429       0.000000        0.000000  0.047619  0.214286  0.595238        0.142857
MONT-OLIVET       0.266667   0.133333  0.533333       0.066667        0.000000  0.200000  0.066667  0.666667        0.066667
RUSSAFA           0.420290   0.217391  0.362319       0.000000        0.000000  0.072464  0.333333  0.463768        0.130435
SANT FRANCESC     0.270833   0.166667  0.520833       0.031250        0.010417  0.052083  0.260417  0.552083        0.135417

Neighborhoods belonging to cluster 2
                    Cheap  Expensive  Moderate  Unknown Price  Very Expensive   Average  Excelent      Good  Unknown rating
barrio                                                                                                                     
AIORA            0.571429   0.142857  0.285714       0.000000            0.00  0.071429  0.000000  0.321429        0.607143
ARRANCAPINS      0.543478   0.173913  0.260870       0.021739            0.00  0.086957  0.043478  0.347826        0.521739
EN CORTS         0.541667   0.083333  0.333333       0.041667            0.00  0.125000  0.041667  0.375000        0.458333
LA CREU COBERTA  0.666667   0.166667  0.166667       0.000000            0.00  0.000000  0.000000  0.333333        0.666667
LA FONTSANTA     0.545455   0.000000  0.454545       0.000000            0.00  0.272727  0.000000  0.090909        0.636364
LA LLUM          0.600000   0.000000  0.400000       0.000000            0.00  0.400000  0.000000  0.300000        0.300000
LA RAIOSA        0.523810   0.095238  0.333333       0.047619            0.00  0.238095  0.047619  0.238095        0.476190
MALILLA          0.500000   0.000000  0.250000       0.250000            0.00  0.250000  0.000000  0.250000        0.500000
MORVEDRE         0.560000   0.120000  0.280000       0.000000            0.04  0.120000  0.000000  0.200000        0.680000
SAFRANAR         0.555556   0.111111  0.333333       0.000000            0.00  0.222222  0.000000  0.222222        0.555556
SANT ISIDRE      0.500000   0.000000  0.500000       0.000000            0.00  0.250000  0.000000  0.250000        0.500000
SANT MARCEL.LI   0.750000   0.000000  0.250000       0.000000            0.00  0.000000  0.000000  0.250000        0.750000
SOTERNES         0.666667   0.000000  0.333333       0.000000            0.00  0.166667  0.000000  0.166667        0.666667
TORMOS           0.500000   0.214286  0.214286       0.071429            0.00  0.142857  0.000000  0.285714        0.571429
TRES FORQUES     0.833333   0.000000  0.166667       0.000000            0.00  0.166667  0.000000  0.166667        0.666667
TRINITAT         0.875000   0.000000  0.125000       0.000000            0.00  0.250000  0.000000  0.375000        0.375000

Neighborhoods belonging to cluster 3
           Cheap  Expensive  Moderate  Unknown Price  Very Expensive  Average  Excelent  Good  Unknown rating
barrio                                                                                                       
BENICALAP    0.0       0.25      0.75            0.0             0.0      0.0       0.0  0.25            0.75
BENIMAMET    0.0       0.25      0.75            0.0             0.0      0.0       0.0  0.00            1.00
CAMI REAL    0.0       0.00      1.00            0.0             0.0      0.0       0.0  0.00            1.00
LA PUNTA     0.0       0.00      1.00            0.0             0.0      0.0       0.0  0.00            1.00

Neighborhoods belonging to cluster 4
                                         Cheap  Expensive  Moderate  Unknown Price  Very Expensive   Average  Excelent      Good  Unknown rating
barrio                                                                                                                                          
BENIMACLET                            0.531915   0.191489  0.234043       0.042553             0.0  0.106383  0.106383  0.531915        0.255319
BETERO                                0.500000   0.125000  0.375000       0.000000             0.0  0.250000  0.000000  0.625000        0.125000
CAMPANAR                              0.387097   0.064516  0.516129       0.032258             0.0  0.129032  0.064516  0.451613        0.354839
CIUTAT DE LES ARTS I DE LES CIENCIES  0.375000   0.150000  0.425000       0.050000             0.0  0.300000  0.025000  0.350000        0.325000
CIUTAT JARDI                          0.491525   0.152542  0.338983       0.016949             0.0  0.101695  0.084746  0.576271        0.237288
CIUTAT UNIVERSITARIA                  0.481481   0.074074  0.444444       0.000000             0.0  0.296296  0.037037  0.518519        0.148148
EL BOTANIC                            0.388889   0.148148  0.462963       0.000000             0.0  0.074074  0.129630  0.574074        0.222222
JAUME ROIG                            0.533333   0.200000  0.233333       0.033333             0.0  0.200000  0.133333  0.600000        0.066667
L'HORT DE SENABRE                     0.500000   0.166667  0.333333       0.000000             0.0  0.083333  0.083333  0.416667        0.416667
LA CREU DEL GRAU                      0.400000   0.175000  0.400000       0.025000             0.0  0.100000  0.000000  0.600000        0.300000
LA ROQUETA                            0.419355   0.096774  0.483871       0.000000             0.0  0.064516  0.225806  0.483871        0.225806
LA VEGA BAIXA                         0.454545   0.077922  0.402597       0.064935             0.0  0.103896  0.064935  0.545455        0.285714
PATRAIX                               0.409091   0.136364  0.363636       0.090909             0.0  0.181818  0.045455  0.454545        0.318182
PENYA-ROJA                            0.340000   0.180000  0.460000       0.020000             0.0  0.200000  0.000000  0.640000        0.160000

Neighborhoods belonging to cluster 5
                       Cheap  Expensive  Moderate  Unknown Price  Very Expensive   Average  Excelent      Good  Unknown rating
barrio                                                                                                                        
CAMI DE VERA        0.500000   0.250000  0.250000            0.0             0.0  0.000000  0.000000  0.250000        0.750000
CAMI FONDO          0.425532   0.170213  0.404255            0.0             0.0  0.042553  0.021277  0.297872        0.638298
EL CALVARI          0.333333   0.166667  0.500000            0.0             0.0  0.000000  0.000000  0.000000        1.000000
FAVARA              0.428571   0.071429  0.500000            0.0             0.0  0.071429  0.071429  0.285714        0.571429
LA FONTETA S.LLUIS  0.500000   0.250000  0.250000            0.0             0.0  0.000000  0.000000  0.000000        1.000000
MARXALENES          0.300000   0.200000  0.500000            0.0             0.0  0.000000  0.000000  0.100000        0.900000
NOU MOLES           0.400000   0.000000  0.600000            0.0             0.0  0.200000  0.000000  0.200000        0.600000
SANT ANTONI         0.400000   0.133333  0.466667            0.0             0.0  0.066667  0.000000  0.200000        0.733333
TORREFIEL           0.500000   0.000000  0.500000            0.0             0.0  0.000000  0.000000  0.250000        0.750000

